destination,culture,adventure,wildlife,sightseeing,history,tags,province,location,category,best_time,duration,
Satasidham,5,0,0,5,3,"waterfall, pond, garden, cave , hindu , temple",1,Jhapa,Off-Beat,Oct-Apr,Half-day,
Arjundhara Dham,5,0,0,3,5,"hindu, temple, pond, gurukul, farm ",1,Jhapa,Popular,Oct-Apr,2-3 hrs,
Kichakavadh,4,0,0,5,5,"hindu, pond, garden, temple, castle remnants",1,Jhapa,Off-Beat,Oct-Apr,Half-day,
Biratpokhar,2,0,0,5,5,"hindu, pond, garden",1,Jhapa,Off-Beat,Oct-Apr,2-3 hrs,
Krishnathumki,5,2,0,5,5,"hindu , pond, garden, temple , boat ride ",1,Jhapa,Off-Beat,Oct-Apr,Half-day,
Jamunkhadi Wetland,0,2,5,5,0,"wetland, pond, picnic, boat ride, wildlife",1,Jhapa,Off-Beat,Nov-Feb,1 day,
Hiledhap Wetland,0,0,5,5,0,"wetland, pond, wildlife",1,Jhapa,Off-Beat,Nov-Feb,1 day,
Mai Khola (Kankai river),5,2,2,3,3,"river, hindu, temple",1,Jhapa,Off-Beat,Oct-Apr,Half-day,
Haluwagadh Kalikhola Simsaar,0,4,4,5,0,"pond, mountain bike ride , wetland, wildlife",1,Jhapa,Off-Beat,Nov-Feb,1 day,
Domukha Shivasatakshi,0,2,2,5,0,"picnic , river",1,Jhapa,Off-Beat,Oct-Apr,2-3 hrs,
Dhanpal fort ,5,0,0,5,5,"fort, temple, hindu, hiking",1,Jhapa,Off-Beat,Oct-Apr,Half-day,
Koshi Barrage,0,0,0,3,5,landmarks,1,Sunsari,Popular,Oct – Mar,3–4 hrs,
"jhandi dada, Illam",0,5,2,5,0,"Sighting, hiking, landmarks.hills",1,Illam,Off-Beat,Oct-Apr,Half-day,
"Indrenital, Damak",0,2,0,5,0,"hiking, lake, landmarks",1,Jhapa,Off-Beat,Oct-Apr,Half-day,
"Radha krishna mandir, Itahari",5,0,0,4,3,"hindu, temple",1,Sunsari,Popular,Oct-Apr,2-3 hrs,
Chuli pokhari,0,4,0,4,0,"pond, hiking, landmarks,hills",1,Sunsari,Off-Beat,Oct-Apr,Half-day,
Namje village,3,4,0,5,0,"hiking,hills,landmarks,mountains",1,Taplejung,Off-Beat,Oct-Apr,1 day,
Baraha Chhetra,5,2,2,3,4,"hindu, temple, hills,river",1,Sunsari,Off-Beat,Oct–Apr,1 day,
Betana wetland,0,2,5,5,0,"zoo, wetland,pond,wildlife",1,Morang,Off-Beat,Nov-Feb,1 day,
"Kechana, jhapa",0,0,0,3,3,landmarks,1,Jhapa,Off-Beat,Oct-Apr,2-3 hrs,
"Kanyam, Illam",0,2,0,5,3,"garden, hills, hiking, landmarks",1,Illam,Popular,Oct-Apr,Half-day,
Sandakphu,2,4,0,5,0,"mountains, hills, hiking",1,Illam,Off-Beat,Oct-Apr,1-2 days,
Jorsale,4,5,0,5,0,"trekking, hills",1,Solukhumbu,Off-Beat,Oct-Apr,1 day,
Raja rani,3,3,0,5,0,"lake, trekking",1,Dhankuta,Off-Beat,Oct-Apr,Half-day,
Ama dablam,0,5,2,5,0,"hiking, trekking,mouintains",1,Solukhumbu,Off-Beat,Oct-Apr,1-2 days,
Chukhung,0,4,0,2,0,"trekking,mountains",1,Solukhumbu,Off-Beat,Oct-Apr,1 day,
"Kunde, Nepal",3,3,3,0,0,"mountains, hiking",1,Solukhumbu,Off-Beat,Oct-Apr,Half-day,
Hasina wetland,3,5,4,3,0,"trekking, picnic",1,Sunsari,Off-Beat,Nov-Feb,1 day,
Bhojpur,4,3,3,4,5,"hiking,temple,river",1,Bhojpur,Popular,Oct-Apr,1 day,
Koshi tappu wildlife reserve,0,5,5,2,0,"hiking, sighting, wildlife,  boat ride, tour",1,"Sunsari, Saptari, Udayapur",Popular,Nov–Feb,1–2 days,
"Bhedetar, dhankuta",0,3,0,3,0,"hiking, food tour",1,Dhankuta,Off-Beat,Oct-Apr,Half-day,
"Urlabari, jhapa",3,3,0,2,0,trekking,1,Jhapa,Off-Beat,Oct-Apr,Half-day,
Mini mountain,0,5,0,0,0,"picnic, mountains,  family tour spot, river",1,Sunsari,Off-Beat,Oct-Apr,Half-day,
"Triyuga Baan, fattepur",0,3,0,0,4,"hiking, landmarks, river",1,Udayapur,Off-Beat,Oct-Apr,Half-day,
Mechinagar,0,4,0,0,2,"city Tour Destinations,Landmarks",1,Jhapa,Popular,Oct-Apr,Half-day,
Phakding,2,4,0,2,2,"trekking, hills ,Landmarks",1,Solukhumbu,Off-Beat,Oct-Apr,Half-day,
"Shiv Jhatta, Dharan",0,5,0,3,0,"Hiking, Landmarks, waterfall, picnic spot",1,Sunsari,Off-Beat,Oct-Apr,Half-day,
Kongde ri,0,5,0,0,2,"Hiking, Hills, Landmarks, Trekking,mountain",1,Solukhumbu,Off-Beat,Oct-Apr,1 day,
Haleshi-maratika cave,3,4,0,2,2,"Tour, Hiking,Landmarks,Religious ",1,Khotang,Off-Beat,Oct-Apr,1 day,
Olangchung Gola,0,3,0,0,4,"Tour,Hiking,Hills, river",1,Taplejung,Off-Beat,Oct-Apr,1 day,
Itahari,0,4,3,3,0,"Parks,Tour, Terai,Trekking ",1,Sunsari,Popular,Oct-Apr,Half-day,
"Pathivara temple,taplejung",3,3,0,4,5,"Hiking,Mountains, Religious shrine",1,Taplejung,Popular,Oct-Apr,1 day,
Budhasubba,3,0,0,3,5,"Religious shrine, river",1,Sunsari,Popular,Oct-Apr,2-3 hrs,
"Sriyantuu, ilam",0,3,0,2,0,"Tour,Hills,Landmarks,picnic spot",1,Illam,Off-Beat,Oct-Apr,Half-day,
Namchebazaar,3,3,0,2,0,"hills, trekking",1,Solukhumbu,Popular,Oct-Apr,1 day,
"kerabar,morang",3,0,0,2,0,"Tour,Landmarks,Trekking ",1,Morang,Off-Beat,Oct-Apr,Half-day,
Gairi pangma,4,3,0,0,3,"Tour,Hiking,Landmarks",1,Sankhuwasabha,Off-Beat,Oct-Apr,Half-day,
Mechi bridge,0,3,0,2,3,"Tour,Landmarks, river, terai",1,Jhapa,Off-Beat,Oct-Apr,2-3 hrs,
Nuptse,0,5,0,0,2,"Tour,Hiking,Landmarks,Trekking,mountain",1,Solukhumbu,Off-Beat,Oct-Apr,1 day,
Solududhkunda,3,4,0,0,3,"Tour, Hiking, Landmarks,Trekking",1,Solukhumbu,Off-Beat,Oct-Apr,1 day,
Dughla,2,5,0,0,0,"Hiking,Landmarks,Trekking,lake,mountain",1,Solukhumbu,Off-Beat,Oct-Apr,Half-day,
khumjung,3,0,3,0,2,"Hiking,Landmarks,Trekking",1,Solukhumbu,Off-Beat,Oct-Apr,Half-day,
"Mude, sankhuwasabha",3,0,0,3,4,"Food Tour, Hiking,Hilly,Mountain",1,Sankhuwasabha,Off-Beat,Oct-Apr,Half-day,
Gokulam resort,0,3,0,0,0,"Tour,Hiking ,Terai",1,Sunsari,Off-Beat,Oct-Apr,Half-day,
"Smile park, damak",0,3,0,2,0,"Tour, Landmarks, Terai, picnic spot",1,Jhapa,Off-Beat,Oct-Apr,Half-day,
"Gokyo lake, solukhumbu",0,4,0,0,0,"Tour,Landmarks,Religious shrine,lake",1,Solukhumbu,Off-Beat,Oct-Apr,1 day,
Diktel,3,0,0,2,0,"Tour,Landmarks",1,Khotang,Off-Beat,Oct-Apr,Half-day,
"Dole, Nepal",0,4,0,0,0,"Tour,Landmarks,hills",1,Solukhumbu,Off-Beat,Oct-Apr,Half-day,
Pangboche,3,3,0,0,4,"Tour,Landmarks,hills",1,Solukhumbu,Off-Beat,Oct-Apr,Half-day,
Gyachung kang,0,5,0,0,0,"Trekking,Landmarks,hiking, mountain ",1,Solukhumbu,Off-Beat,Oct-Apr,1 day,
"Hile, dhankuta",3,4,0,0,3,"Trekking,Landmarks,hiking, hills",1,Dhankuta,Off-Beat,Oct-Apr,Half-day,
Lukla,0,3,0,0,3,"Arts and Entertainment, Landmarks",1,Solukhumbu,Popular,Oct-Apr,Half-day,
Pakhribas,3,0,0,2,0,"Landmarks, tour",1,Dhankuta,Off-Beat,Oct-Apr,Half-day,
Pindeshwor temple,3,0,0,0,4,"Tour,Landmarks,hiking,terai",1,Jhapa,Popular,Oct-Apr,Half-day,
Thechambu,3,0,0,0,3,"Tour,Landmarks,hiking",1,Taplejung,Off-Beat,Oct-Apr,Half-day,
Machhermo,0,4,0,0,2,"Tour,Landmarks,hiking",1,Solukhumbu,Off-Beat,Oct-Apr,Half-day,
Chaurikharka,0,5,0,0,3,"Tour,Landmarks,hiking,Nightlife",1,Solukhumbu,Off-Beat,Oct-Apr,Half-day,
Shivgunj,3,0,0,0,3,"Terai, Landmarks, tour",1,Sunsari,Off-Beat,Oct-Apr,Half-day,
"Temke danda, bhojpur",5,3,0,0,4,"hiking, hills,landmarks,mountain",1,Bhojpur,Off-Beat,Oct-Apr,Half-day,
Birtamod,2,4,0,3,2,"Nightclubs, terai, tour",1,Jhapa,Popular,Oct-Apr,Half-day,
Panchthar,3,4,3,5,4,"hiking, hills, trekking, red panda, wildlife",1,Panchthar,Off-Beat,Oct-Apr,1 day,
Kanchanjunga national park,0,3,5,5,0,"trekking, wildlife, rhododendrons",1,Taplejung,Off-Beat,Oct-Apr,1-2 days,
Khangchendzonga national park,0,4,5,3,0,"trekking, wildlife,lakes,river",1,Taplejung,Off-Beat,Oct-Apr,Half-day,
Tamur river,0,5,0,0,0,"River,adventure",1,Taplejung,Off-Beat,Oct-Apr,Half-day,
Fung funge waterfall,0,4,0,0,0,"Waterfall,river",1,Taplejung,Off-Beat,Oct-Apr,Half-day,
Hyatrung waterfall,0,4,0,0,0,"waterfall,river",1,Terhathum,Off-Beat,Oct-Apr,Half-day,
Tinjure hill,0,4,0,3,2,"Hill, mountain, trekking",1,Terhathum,Off-Beat,Oct-Apr,Half-day,
Singhabahini temple,3,0,0,0,4," Religious shrine, temple",1,Terhathum,Popular,Oct-Apr,2-3 hrs,
Shree Antu,4,3,0,0,0,"pond, farm",1,Illam,Popular,Oct-Apr,Half-day,
Siddhithumka ,3,4,2,2,0,"cave, falls, farm",1,Illam,Off-Beat,Oct-Apr,Half-day,
Gajurmukhi,4,3,0,3,3,"river, religious shrine, temple",1,Terhathum,Popular,Oct-Apr,Half-day,
Todke falls,0,3,0,0,0,"waterfall, river",1,Terhathum,Off-Beat,Oct-Apr,Half-day,
Hangetham/ Choyatar forest,0,4,5,3,0,"Red panda,Buddhist pilgrimage, Religious Shrine",1,Taplejung,Off-Beat,Oct-Apr,1 day,
Indreshwor mahadev,4,0,0,3,4,"Temple, pilgrimage, religious shrine",1,Dhankuta,Popular,Oct-Apr,Half-day,
Gupteshwor Mahadev,4,3,0,3,4,"cave, religious shrine, temple",1,Dhankuta,Popular,Oct-Apr,Half-day,
Gupha pokhari,0,4,0,0,3,"cave,pond, trekking,lake,mountain",1,Illam,Off-Beat,Oct-Apr,Half-day,
Pattek hill,2,3,0,0,0,"hills, trekking",1,Illam,Off-Beat,Oct-Apr,Half-day,
Milke dada,2,4,0,0,0,"mountain, rhododendron, trekkking",1,Illam,Off-Beat,Oct-Apr,Half-day,
Panchakanya pokhari,3,2,0,2,2,"pond, temple",1,Terhathum,Off-Beat,Oct-Apr,Half-day,
Makalu barun national park,0,5,4,2,0,"trekking, wildlife,lakes,river",1,Sankhuwasabha,Off-Beat,Oct-Apr,1-2 days,
Chinnamasta Bhagawati,5,0,0,3,5,"hindu,temple",2,Saptari,Off-Beat,Oct-Mar,Half-day,
Kankalini Temple,5,0,0,3,3,"hindu,temple",2,Saptari,Popular,Oct-Mar,2-3 hrs,
Kanakpatti Palace,3,0,0,4,5,"palace, landmarks",2,Saptari,Off-Beat,Oct-Mar,Half-day,
Rajdevi Temple,5,0,0,3,1,"hindu,temple",2,Saptari,Popular,Oct-Mar,2-3 hrs,
Chandrabhoga Gadhi,5,0,0,5,5,"landmarks, art",2,Saptari,Off-Beat,Oct-Mar,Half-day,
Shambhunath Temple,5,0,0,3,1,"hindu, temple ",2,Saptari,Popular,Oct-Mar,2-3 hrs,
Rajbiraj,5,0,0,4,3,"city, landmarks, terai region",2,Saptari,Popular,Oct-Mar,1 day,
"Vishnu Temple, Saptari",5,0,0,3,1,"hindu, temple",2,Saptari,Popular,Oct-Mar,2-3 hrs,
Khodardevi Cave,3,4,0,4,0,"cave, landmarks",2,Saptari,Off-Beat,Oct-Mar,Half-day,
 Lahan Bazar,3,0,0,3,2,"city,landmarks",2,Siraha,Popular,Oct-Mar,Half-day,
"Fulbari , Siraha",1,0,0,3,0,"city, garden, landmarks",2,Siraha,Off-Beat,Oct-Mar,Half-day,
Kamal Dah,0,0,2,5,0,lake,2,Siraha,Off-Beat,Oct-Mar,Half-day,
Kamala River,3,0,3,5,0,river,2,Siraha,Off-Beat,Oct-Mar,Half-day,
Manik Dah,0,0,2,5,2,lake,2,Siraha,Off-Beat,Oct-Mar,Half-day,
Janaki Mandir,5,0,0,5,5,"hindu, temple",2,Janakpur,Popular,Oct-Mar,Half-day,
Ram Mandir,5,0,0,5,5,"hindu, temple",2,Janakpur,Popular,Oct-Mar,Half-day,
Jaleshwar ,5,0,3,5,5,"hindu, temple , pond, park",2,Mahottari,Popular,Oct-Mar,Half-day,
Vivah Mandap,5,0,0,5,5,"hindu, temple , pond, park",2,Janakpur,Popular,Oct-Mar,2-3 hrs,
Ratna Sagar,5,0,3,5,5,"hindu, temple , pond, park",2,Janakpur,Popular,Oct-Mar,Half-day,
 Sarlahi Devi Temple,5,0,0,3,1,"hindu, temple",2,Sarlahi,Popular,Oct-Mar,Half-day,
Gadhimai Temple,5,0,0,3,1,"hindu, temple",2,Bara,Popular,Dec (festival),Half-day,
Rautahat,3,2,3,4,2,"city, muslim, landmarks",2,Rautahat,Popular,Oct-Mar,1 day,
Parsa National Park,0,1,5,5,2,"national park, wildlife, landmarks",2,Parsa,Off-Beat,Nov-Feb,1 day,
Maha Gadhimai,5,0,0,3,4,"hindu, temple",2,Bara,Popular,Dec (festival),Half-day,
Churiya Mai Temple,5,0,0,4,3,"hindu, temple",2,Bara,Popular,Oct-Mar,Half-day,
Gadhimai Temple Jeetpur,5,0,0,3,1,"hindu, temple",2,Bara,Popular,Dec (festival),Half-day,
Gateway of Nepal (Shankaracharya Gate),0,0,0,3,5,"landmarks, history, border",2,"Birgunj, Parsa",Popular,Oct-Mar,Half-day,
Ghadiarwa Pokhari – Birgunj,2,0,0,5,0,"hindu, temple, pond",2,Parsa,Off-Beat,Oct-Mar,Half-day,
Gahawa Mai Temple,4,0,0,3,1,"hindu, temple",2,Bara,Popular,Oct-Mar,Half-day,
Parasnath Temple,4,0,0,3,1,"hindu, temple",2,Bara,Popular,Oct-Mar,Half-day,
 Vata Mandir,4,0,0,3,1,"hindu, temple",2,Bara,Popular,Oct-Mar,Half-day,
Pashupatinath temple,5,0,0,5,5,"Heritage,statues,temple,Religious shrine",3,Kathmandu,Popular,All Year,1-2 hrs,
Hanumandhoka palace,5,1,0,5,5,"Temple,sightseeing, historical",3,Kathmandu,Popular,All Year,Half-day to 1 day,
Chitwan national park,3,5,5,5,3,"trekking, wildlife,lakes,river",3,Chitwan,Popular,Oct–Apr,Half-day to 1 day,
Kalinchowk bhagwati temple,4,0,0,3,4,"Temple,sightseeing,Religious",3,Dolakha,Popular,"Nov-Feb(Snow), Mar-May(Trekking)",1-2 hrs,
Baudhanath stupa,3,0,0,2,3,"Temple,statues",3,Kathmandu,Popular,All Year,1-2 hrs,
Gosaikunda lake,0,4,0,2,3,"lake,trekking,mountain",3,Rasuwa,Popular,"Aug (Janai Purnima), Mar–May, Sep–Nov",3-5 days,
Saping village,4,2,0,3,2,"hill,village,cultural,trekking",3,Kavre,Off-Beat,"Mar-May, Sep-Nov",1-2 days,
Patan durbar square,4,0,0,3,4,"temples,statues,cultural,sculpture",3,Lalitpur,Popular,All Year,Half-day to 1 day,
Changunarayan temple,3,0,0,3,4,"temples,statues,cultural,sculpture",3,Bhaktapur,Popular,All Year,Half-day to 1 day,
Bhaktapur durbar square,3,0,0,3,5,"temples,statues,cultural,sculpture,museum",3,Bhaktapur,Popular,All Year,Half-day to 1 day,
Nagarkot,3,3,0,4,4,"hiking, trekking, picnic spot",3,Bhaktapur,Popular,Oct-Apr,1 day or overnight,
Indra sarovar lake,1,4,0,2,5,"lake, pond, cultural, boat tour",3,Makwanpur,Off-Beat,Oct-Apr,Half-day to 1 day,
Swayambhunath temple,3,0,0,3,5,"temple,statues,cultural,sculpture",3,Kathmandu,Popular,All Year,1-2 hrs,
Panauti,3,2,0,2,2,"hiking, cycling",3,Kavre,Off-Beat,All Year,Half-day to 1 day,
Dolakha Bhimsen temple,3,0,0,3,4,"temple,statues,cultural,sculpture",3,Dolakha,Popular,All Year,Half-day to 1 day,
Shailung Hills,0,3,0,3,3,"hill,trekking",3,Dolakha,Off-beat,"Sep-Nov, Mar-May",2–3 days,
Jiri,3,2,0,3,0,"hill,trekking",3,Dolakha,Off-beat,"Sep-Nov, Mar-May",1-2 days,
Gaurishankar conservation area,0,4,5,3,0,"red panda, mountain, hills, trekking",3,Dolakha/Ramechaap,Off-beat,"Sep-Nov, Mar-May",3-5 days,
Jilu Village,3,0,0,2,3,"cultural, village",3,Dolakha,Off-beat,All Year,1 day,
Tsho Rolpa,0,5,0,2,0,"lake, pond, trekking",3,Dolakha,Off-beat,"Apr-May, Sep-Nov",4-6 days,
Tasi Gumba,4,2,0,3,4,"hindu, buddhist,monastery",3,Ramechaap/Dolakha,Off-beat,All Year,Half-day to 1 day,
Langtang Himal,0,5,0,0,0,"mountain, hills, trekking",3,Rasuwa,Popular,"Sep-Nov, Mar-May",7-10 days,
Langtang National Park,0,4,4,3,0,"trekking, wildlife.mountain,hills",3,Rasuwa,Popular,"Sep-Nov, Mar-May",5-7 days,
Gosaikunda,0,4,0,3,3,"lake,pond,mountain,trekking",3,Rasuwa,Popular,"Aug, Mar-May, Sep-Nov",3-5 days,
Tamang heritage and Langtang Valley,4,0,0,2,3,"village, scenary, trekking",3,Rasuwa,Off-beat,"Sep-Nov, Mar-May",5-7 days,
Singa La Pass Trek,0,5,0,3,0,"trekking, scenary,village,mountain, hills",3,Langtang-Manaslu Region,Off-beat,"Apr-May, Sep-Nov",10-14 days,
Trishuli River ,0,5,0,3,0,"rafting, river, trekking",3,Nuwakot/Dhading,Popular,Oct-May,Half-day to 1 day,
Ruby Valley Trek,0,4,0,2,0,"trekking, mountain, hills, scenery",3,Dhading,Off-beat,"Sep-Nov, Mar-May",5-7 days,
Ganga Jamuna Trek,0,4,0,2,0,"trekking, mountain, hills, scenery",3,Dhading,Off-beat,"Sep-Nov, Mar-May",3-5 days,
Ganesh Himal Trek,0,5,0,3,0,"trekking,mountain,hills, scenery",3,Dhading/Rasuwa,Off-beat,"Sep-Nov, Mar-May",7-10 days,
Jyamrung Trek,0,4,0,3,0,"trekking,mountain,hills, scenery",3,Dhading,Off-beat,"Sep-Nov, Mar-May",2-3 days,
Tripurasundari Mai,4,0,0,4,3,"temple,hindu, cultural",3,Dhading,Popular,All Year,Half-day to 1 day,
Nuwakot Durbar,4,0,0,3,5,"cultural, historical",3,Nuwakot,Popular,All Year,Half-day to 1 day,
Langtang Valley,2,3,0,3,0,"trekking, scenery, rhododendron",3,Rasuwa,Popular,"Sep-Nov, Mar-May",5-7 days,
Kulekhani Dam,0,0,0,3,0,"dam, river, boat tour",3,Makwanpur,Off-beat,Oct-Apr,Half-day to 1 day,
Dhaulagiri of Nepal,0,5,0,0,0,"mountain,scenary,trekking",3,Mustang/Myagdi,Off-beat,"Apr-May, Sep-Nov",14-21 days,
Daman ,3,3,0,3,4,"hills, mountain, picnic spot",3,Makwanpur,Off-beat,Oct-Apr,Half-day to 1 day,
Kyanjin Ri ,0,4,0,3,0,"hills, mountain, trekking",3,Langtang Valley,Off-beat,"Sep-Nov, Mar-May",1 day,
Thamel,2,3,0,4,0,"club, casino, tour, scultptures",3,Kathmandu,Popular,All Year,Flexible,
Freak Street,3,0,0,3,3,"street, tour,club, sculptures",3,Kathmandu,Popular,All Year,Flexible,
Asan Tole,4,1,0,4,3,"sculpture, hindu, temple, cultural",3,Kathmandu,Popular,All Year,Flexible,
Garden Of Dreams,0,2,0,3,3,"Garden, pond",3,Kathmandu,Popular,All Year,1-2 hrs,
Kopan Monastery,3,0,0,2,3,"monastery, buddhist",3,Kathmandu,Popular,All Year,Half-day to 1 day,
Kumari Bahal,4,0,0,2,5,"hindu, historical, buddhist",3,Kathmandu,Popular,All Year,Half-day to 1 day,
Chabahil Stupa,4,2,0,3,3,"buddhist, hindu, cultural",3,Kathmandu,Popular,All Year,Half-day to 1 day,
Champa Devi Temple (Hiking Trail),4,4,0,3,3,"hiking, temple, religious shrine",3,Kathmandu,Off-beat,Oct-Apr,Half-day to 1 day,
Bungmati Village,0,4,0,3,2,"hiking, temple",3,Lalitpur,Off-beat,All Year,Half-day to 1 day,
Patan,4,2,0,4,5,"cultural, historical",3,Lalitpur,Popular,All Year,Half-day to 1 day,
Chhauni Museum,4,0,0,3,0,"museum, cultural",3,Kathmandu,Popular,All Year,1-2 hrs,
Ashok Binayak Temple,4,0,0,2,4,"temple, hindu, buddhist",3,Kathmandu,Popular,All Year,1 hr,
Phulchowki,0,5,0,3,0,"hill, trekking, hiking, picnic spot",3,Lalitpur,Off-beat,"Mar-May,Oct-Apr",1 day,
Shivapuri Nagarjun National Park,0,4,5,4,3,"trekking, hills, hiking, waterfall, wildlife",3,Kathmandu,Off-beat,All Year,1 day,
Taudaha Lake,0,3,0,2,5,"lake, pond, historical",3,Kathmandu,Off-beat,Oct-Apr,1-2 hrs,
Narayanhiti Palace,0,0,0,3,4,"historical,tour",3,Kathmandu,Popular,All Year,1-2 hrs,
 Hanuman Dhoka,4,0,0,4,4,"temples, cultural",3,Kathmandu,Popular,All Year,Half-day to 1 day,
The Royal Botanical Gardens,0,0,0,3,0,"garden,pond",3,Lalitpur,Off-beat,Mar-May,Half-day to 1 day,
The White Monastery,3,2,0,2,4,"monastery, buddhist",3,Kathmandu,Off-beat,All Year,Half-day to 1 day,
Thimi,3,0,0,4,3,"cultural, temples",3,Bhaktapur,Popular,All Year,Half-day to 1 day,
The Toothache Tree(Vaisha Dev Shrine),5,0,0,3,5,"Religious Shrine, temple",3,Kathmandu,Off-beat,All Year,1 hr,
 Kakani ,3,5,0,4,3,"cycling, biking, picnic spot, farm",3,Nuwakot,Off-beat,Oct-Apr,Half-day to 1 day,
Taumadhi Square,3,0,0,3,3,"sculpture, hindu, temple",3,Bhaktapur,Popular,All Year,Half-day to 1 day,
Dattatraya and pottery Square,3,0,0,3,4,"picnic spot,hiking,temple",3,Bhaktapur,Popular,All Year,Half-day to 1 day,
Pilot Baba Ashram,4,4,0,3,4,"hiking, scenery, temple",3,Bhaktapur,Off-beat,All Year,Half-day to 1 day,
Kailashnath temple,3,0,0,3,4,"temple, statue,",3,Bhaktapur/Kavre,Popular,All Year,Half-day to 1 day,
Ranikot,0,3,0,3,0,"hiking, trekking, picnic spot",3,Bhaktapur,Off-beat,Oct-Apr,Half-day to 1 day,
Siddha Pokhari,3,3,0,3,4,"pond, lake, temples, sculptures",3,Bhaktapur,Popular,All Year,1 hr,
Trishul Danda,3,3,0,2,3,"hill, temple",3,Bhaktapur,Off-beat,All Year,Half-day to 1 day,
Ghyampe Danda,3,3,0,1,2,"hill, temple",3,Bhaktapur,Off-beat,All Year,Half-day to 1 day,
Latarambeshwor,3,0,0,2,4,"temple,hill",3,Bhaktapur,Off-beat,All Year,Half-day to 1 day,
Subarneshwor Mahadev temple,4,0,0,3,4,"hindu,temple, hill",3,Lalitpur,Off-beat,All Year,Half-day to 1 day,
Anantalingeshwor Mahadev temple,4,0,0,4,3,"hindu, temple, rhododendron,pond",3,Lalitpur,Off-beat,Mar-May,Half-day to 1 day,
Kalamasi,0,4,0,3,0,"dam-site, picnic spot, pond",3,Bhaktapur,Off-beat,Oct-Apr,Half-day to 1 day,
Nil Barahi Temple,3,0,0,3,4,"hindu, temple",3,Pokhara,Popular,All Year,1 hr,
Gundu,3,0,0,3,3,"hiking, hill",3,Bhaktapur,Off-beat,All Year,Half-day to 1 day,
Mahamanjushree Temple,4,0,0,4,4,"hill, temple, religious shrine",3,Kathmandu,Off-beat,All Year,Half-day to 1 day,
Uku Bahal,4,0,0,3,4,"buddhist, temple, monastery",3,Lalitpur,Popular,All Year,1-2 hrs,
Sundari Chowk,3,0,0,3,2,"statues, temple, pond",3,Lalitpur,Popular,All Year,1-2 hrs,
Bhimsen Temple,4,0,0,4,5,"temple, statues",3,Lalitpur,Popular,All Year,1-2 hrs,
Hari Shanker Temple,3,0,0,2,3,"hindu, temple, statues",3,Lalitpur,Popular,All Year,1-2 hrs,
Mahaboudha Temple,4,0,0,3,3,"temple, hindu, buddhist",3,Lalitpur,Popular,All Year,1-2 hrs,
Mangal Bazaar,3,0,0,3,2,"temple, statues, cultural",3,Lalitpur,Popular,All Year,Half-day to 1 day,
Rani pokhari,3,0,0,2,5,"pond, temple",3,Kathmandu,Popular,Oct-Apr,1 hr,
Dhulikhel,3,4,0,3,0,"hill,hiking,trekking,picnic spot",3,Kavre,Popular,Oct-Apr,Half-day to 1 day,
Banepa ,3,0,0,3,0,"historical,hiking,trekking",3,Kavre,Off-beat,All Year,Half-day to 1 day,
Namo Buddha Monastery,4,0,0,3,4,"monsatery, buddhist",3,Kavre,Popular,All Year,Half-day to 1 day,
Dolalghat,3,4,0,4,4,"hiking,river,trekking",3,Kavre,Off-beat,Oct-Apr,Half-day to 1 day,
Sankhu,4,0,0,3,3,"temple, cultural, sculptures, statues",3,Kathmandu,Off-beat,All Year,Half-day to 1 day,
Budhanilkantha temple,5,0,0,4,5,"statues, temple, pond",3,Kathmandu,Popular,All Year,1-2 hrs,
Hiledevi Temple,3,0,0,3,3,"temple, statues, hindu",3,Kathmandu,Off-beat,All Year,1 hr,
Gaukhureshor Mahadev Temple,4,0,0,3,4,"hindu, temple, statues",3,Kathmandu,Off-beat,All Year,1 hr,
Dhaaraapani (Dhungedhaaraa),3,0,0,2,4,"statues, temple, pond",3,Kathmandu,Off-beat,All Year,1 hr,
Howaang Chhiring Monastery,3,0,0,2,4,"monastery, buddhist",3,Kathmandu,Off-beat,All Year,Half-day to 1 day,
Kyaama Monastery,3,0,0,2,3,"monsatery, buddhist",3,Kathmandu,Off-beat,All Year,Half-day to 1 day,
Dakshinkali,5,5,0,4,5,"pond, temple,religious shrine,hiking,cycling",3,Kathmandu,Popular,All Year,Half-day to 1 day,
Guhyeshwari temple,4,0,0,2,3,"Religious Shrine, temple",3,Kathmandu,Popular,All Year,1 hr,
Kandadevi,3,0,0,2,3,"temple,pond",3,Kathmandu,Off-beat,All Year,1 hr,
Nagi gumba,3,4,0,3,3,"buddhist, temple,hiking",3,Kathmandu,Off-beat,All Year,Half-day to 1 day,
Panch Pokhari,1,2,0,3,3,"hindu,lake,trekking",3,Sindhupalchowk,Off-beat,"Aug,Sep-Nov",3-5 days,
Jatapokhari,1,2,0,2,2,"hindu,lake,trekking",3,Sindhupalchowk,Off-beat,Sep-Nov,2-3 days,
Thodung Monastery,4,2,0,2,4,"buddhist,monastery",3,Dolakha,Off-beat,All Year,Half-day to 1 day,
Gaurishankar ,0,5,0,3,3,"mountain, trekking",3,Dolakha,Off-beat,"Apr-May, Sep-Nov",10-14 days,
Sundarijal,0,5,0,3,2,"Picnic spot,hiking,waterfall",3,Kathmandu,Popular,All Year,Half-day to 1 day,
Sindhuli gadhi,3,4,0,3,3,"fort, trekking,hiking",3,Sindhuli,Off-beat,All Year,Half-day to 1 day,
Selfie hill,0,3,0,2,2,"hill, scenary",3,Kathmandu,Off-beat,All Year,1-2 hrs,
Bhadrakali Temple,4,0,0,2,3,"temple,hindu,statue",3,Kathmandu,Popular,All Year,1 hr,
Kulekhani Dam ,0,0,0,2,3,"dam-site,  pond,lake",3,Makwanpur,Off-beat,Oct-Apr,Half-day to 1 day,
Kulekhani(Indra Sarovar)   ,0,4,0,3,4,"boat tour, lake",3,Makwanpur,Off-beat,Oct-Apr,Half-day to 1 day,
Chitlang VDC and Stupa of Chaitya Lhown(Ashoka Era),4,0,0,3,5,"statues, temple,hindu,buddhist",3,Chitwan,Off-beat,All Year,1 day,
Jalbire Waterfall(Lamo Jharana),0,5,0,2,2,"waterfall, adventure",3,Chitwan,Off-beat,Jun-Nov,Half-day to 1 day,
Devghat,3,2,0,2,2,"Religious, cultural, temples,river",3,Chitwan,Off-Beat,All Year,2-3 hrs,
Bishazari Tal,3,4,0,2,2,"pond,lake,adventure",3,Chitwan,Off-Beat,Oct-Apr,Half-day to 1 day,
Chitwan Tharu Village,4,0,0,3,2,"cultural, village",3,Chitwan,Off-Beat,All Year,2-3 hrs,
"Ranipokhari, chitwan",3,3,0,2,0,"pond,lake,adventure",3,Chitwan,Off-Beat,Oct-Apr,Half-day to 1 day,
Shiraichuli Hill,0,3,0,3,0,"hills,trekking,rhododendron",3,Chitwan,Off-Beat,Oct-Apr,1 day,
Sanga,3,4,0,4,4,"statues, cultural, temples",3,Bhaktapur/Kavre,Popular,All Year,Half-day to 1 day,
Amayangri Hill ,3,4,0,5,0,"hill, mountain, trekking, buddhist, stupa, natural beauty",3,Sindhupalchowk,Off-Beat,"Sep-Nov, Mar-May",1-2 days,
"Tatopani, Sindhupalchowk",2,3.5,0,3.5,1,"river, pond, rafting, border",3,Sindhupalchowk,Off-Beat,All Year,Half-day to 1 day,
Bhotekoshi,0,4,0,3,0,"river, rafting",3,Sindhupalchowk,Popular,Oct-May,Half-day to 1 day,
Sunkoshi,0,4,0,3,0,"river, rafting",3,Sindhupalchowk,Popular,Oct-May,Half-day to 1 day,
Helambu ,4,0,0,3,2,"Village, trekking ",3,Sindhupalchowk,Off-Beat,"Sep-Nov, Mar-May",5-7 days,
Central Zoo,0,3,5,4,0,"zoo, wildlife ",3,Lalitpur,Popular,All Year,2-3 hrs,
Gorkha Durbar & Museum,3,1,3,5,5,"museum, palace, history, hills, hiking, hindu, temple, art",4,Gorkha,Popular,Oct-Mar,2-3 hrs,
Manaslu Circuit Trek,4,4,3,5,2,"hiking, trekking, hills, mountains, landmarks",4,Gorkha,Off-Beat,"Sep-Nov, Mar-May",7-14 days,
Manakamana Temple,5,3,2,5,2,"hindu, temple, hills, hiking, cable car",4,Gorkha,Popular,Oct-Mar,Half-day, 
Larpak Village ,3,3,1,4,1,"village, trekking, hiking, hills, mountains",4,Gorkha,Off-Beat,Oct-Mar,1 day,
Bhimsen Park ,4,0,0,2,5,"park, history",4,Gorkha,Popular,Oct-Mar,1-2 hrs,
Gorakhnath Temple ,5,1,0,4,4,"hindu, temple, hills, hiking, history",4,Gorkha,Popular,Oct-Mar,2-3 hrs,
Annapurna Circuit Trek,4,4,3,5,2,"hiking, trekking, hills, mountains, landmarks",4,Gandaki,Popular,"Sep-Nov, Mar-May",10-21 days,
Tilicho Lake,0,3,3,5,0,"hiking, trekking, hills, mountains, lake",4,Manang,Off-Beat,"Sep-Nov, Mar-May",1 day,
Nar Phu Valley Trek,4,4,3,5,2,"hiking, trekking, hills, mountains, landmarks, village",4,Manang,Off-Beat,"Sep-Nov, Mar-May",7-10 days,
Milarepa Cave,2,4,0,5,2,"buddhist, cave, landmarks, mountains, hills, hiking, trekking",4,Manang,Off-Beat,"Sep-Nov, Mar-May",Half-day,
Gangapurna Lake,0,3,3,5,0,"hiking, trekking, hills, mountains, lake",4,Manang,Off-Beat,"Sep-Nov, Mar-May",Half-day,
Braga Village,4,4,3,5,2,"hiking, trekking, hills, mountains, landmarks, village",4,Mustang,Off-Beat,"Sep-Nov, Mar-May",1-2 days,
Upper mustang trek,4,4,3,5,2,"hiking, trekking, hills, mountains, landmarks",4,Mustang,Off-Beat,"Sep-Nov, Mar-May",7-10 days,
Upper mustang tiji festival trek,4,4,3,5,2,"hiking, trekking, hills, mountains, landmarks",4,Mustang,Off-Beat,Oct-Nov,7-10 days,
Upper Dolpo to Mustang trek,4,4,3,5,2,"hiking, trekking, hills, mountains, landmarks",4,Dolpo/Mustang,Off-Beat,Sep-Nov,10-20 days,
Lo Manthang trek,4,4,3,5,2,"hiking, trekking, hills, mountains, landmarks",4,Mustang,Off-Beat,"Sep-Nov, Mar-May",5-7 days,
Lower Mustang trek,4,4,3,5,2,"hiking, trekking, hills, mountains, landmarks",4,Mustang,Off-Beat,"Sep-Nov, Mar-May",5-7 days,
Kali Gandaki valley trek,4,4,3,5,2,"hiking, trekking, hills, mountains, landmarks, village",4,Mustang,Off-Beat,"Sep-Nov, Mar-May",7-10 days,
Jomsom to Muktinath trek,4,4,2,5,2,"hiking, trekking, hills, mountains, landmarks, village, hindu, temple",4,Mustang,Off-Beat,"Sep-Nov, Mar-May",3-5 days,
Muktinath ,5,3,0,4,3,"hindu, temple, mountains, hills",4,Mustang,Popular,"Sep-Nov, Mar-May",Half-day,
Todke,3,2,1,4,0,"Village, hills, mountains, trekking, hiking",4,Manang,Off-Beat,"Sep-Nov, Mar-May",Half-day,
Jagannath Temple,5,0,0,3,3,"Hindu, temple, art",4,Gorkha,Popular,Oct-Mar,2-3 hrs,
Galeshwor Dham,4,0,0,3,3,"hindu, temple",4,Gorkha,Popular,Oct-Mar,2-3 hrs,
Maharani Than,3,0,0,3,3,"hindu, temple",4,Gorkha,Off-Beat,Oct-Mar,Half-day,
Malika Dhuri,4,2,0,5,1,"hills, mountains, hindu, temple",4,Syangja,Off-Beat,Oct-Mar,Half-day,
Karbakeli footpath,4,4,3,5,2,"hiking, trekking, hills, mountains, landmarks, village",4,Gorkha,Off-Beat,Oct-Mar,1 day,
Singa Tatopani Kunda,2,2,0,3,1,"pond, landmarks",4,Gorkha,Off-Beat,Oct-Mar,2-3 hrs,
Kaligandaki River,0,0,1,4,3,"river, landmarks",4,Gandaki,Off-Beat,Oct-Mar,Half-day,
Ghorepani,2,4,3,5,0,"hiking, trekking, hills, mountains, landmarks",4,Pokhara,Popular,"Oct–Nov, Mar–May",1 day,
Rupse Jharna,0,0,0,3,0,waterfall,4,Myagdi,Off-Beat,Oct-Mar,Half-day,
Dhaulagiri Himal,1.5,5,2,5,2,"mountains, trekking, climbing",4,Myagdi,Off-Beat,"Oct–Nov, Mar–May",1 day,
Beni Bazaar,3,0,1,4,2,"city, landmarks, hills, river",4,Myagdi,Off-Beat,Oct-Mar,Half-day,
Phewa Lake,0.5,2,2,4,2,"lake, scenery",4,Pokhara,Popular,Oct-Apr,2 hrs,
Davis Falls,0,3,0,5,1.5,waterfall,4,Pokhara,Popular,Oct-Apr,1-2 hrs,
Tal Barahi Temple,4,2,1,4,2,"hindu, temple, lake",4,Pokhara,Popular,All Year,1 hr,
International Mountain Museum,2,0,0,4,5,"museum, history",4,Pokhara,Popular,All Year,2 hrs,
Begnas Lake,0,3,1,4,0,"Lake, hills, hiking, mountains",4,Pokhara,Off-Beat,Oct-Apr,2 hrs,
Shree Bindhyabasini Temple,3,0,0,3,0,"hindu, temple",4,Pokhara,Popular,Oct-Apr,1 hr,
Gupteshwor Mahadev Cave,3,2,0,4,1,"hindu, temple, cave, waterfall",4,Pokhara,Off-Beat,Oct-Apr,1-2 hrs,
World Peace Pagoda,1,1,0,4,1,landmark,4,Pokhara,Popular,All Year,2 hrs,
Mahendra Cave,1,2,0,4,1,cave,4,Pokhara,Off-Beat,Oct-Apr,1 hr,
Rupa Lake,0,1,1,4,0,"Lake, hills",4,Pokhara,Off-Beat,Oct-Apr,2 hrs,
Gorkha Memorial Museum,3,0,0,4,5,museum,4,Gorkha,Popular,Oct-Mar,2-3 hrs,
Chamere Gufa,1,2,2,4,1,cave,4,Gorkha,Off-Beat,Oct-Mar,1-2 hrs,
Seti River Gorge,0,0,1,3,0,"river, scenery",4,Pokhara,Popular,Oct-Apr,2-3 hrs,
Bhimsen Temple,4,0,0,2,2,"temple, hindu ",4,Gorkha,Popular,Oct-Mar,1-2 hrs,
Matepani Gumba,4,0,0,2.5,1.5,"buddhist, monastery, gumba",4,Pokhara,Off-Beat,All Year,1 hr,
Sarangkot sunrise and paragliding,0,5,0,3,0,"hills, mountains, hiking ",4,Pokhara,Popular,"Oct–Nov, Mar–May",Half-day,
Jangchub Choeling Monastery,4,0,0,2.5,1.5,"buddhist, monastery, gumba",4,Pokhara,Off-Beat,All Year,2 hrs,
Pokhara Disneyland,0,2,0,2.5,0,"park, landmark",4,Pokhara,Popular,All Year,2-3 hrs,
Mardi Himal ,0,5,1,5,0,"mountains, trekking, climbing",4,Kaski,Off-Beat,"Sep-Nov, Mar-May",1 day,
Ghandruk Village,2.5,3,1.5,4,0,"mountains, hills, trekking, hiking, village",4,Kaski,Off-Beat,Oct-Mar,1 day,
Annapurna Sanctuary Trek,3,4,1.5,4,2,"Mountains, trekking, climbing",4,Kaski,Off-Beat,"Sep-Nov, Mar-May",5-7 days,
Ghorepani Poon Hill Trek,2,3,1,3.5,0,"Hills, trekking, hiking, mountains",4,Kaski,Off-Beat,"Oct–Nov, Mar–May",1-2 days,
Annapurna Conservation Area,0,0,4.5,4.5,1,"national park, scenery",4,Kaski,Off-Beat,"Oct–Nov, Mar–May",Half-day,
Machapuchhre Base Camp Trek,1,3,2,4,0,"hills, mountains, trekking, hiking",4,Kaski,Off-Beat,"Sep-Nov, Mar-May",5-7 days,
Beshi Sahar,2.5,0,1.5,3,2,"city, river",4,Lamjung,Off-Beat,Oct-Mar,Half-day,
Ghale Gaon,3.5,0,1.5,4.5,0,"Village, hills, mountains, trekking, hiking",4,Lamjung,Off-Beat,Oct-Mar,1 day,
Bhujung,2.5,0,1.5,3,2,"village, hills, hiking, trekking",4,Lamjung,Off-Beat,Oct-Mar,Half-day,
Ilampokhari,2.5,0,1.5,3,1,"village, hills, hiking, trekking",4,Lamjung,Off-Beat,Oct-Mar,Half-day,
Barha Pokhari,4,2,0,4,2,"pond, lake, hiking, pilgrimage, hindu",4,Lamjung,Off-Beat,Oct-Mar,1 day,
Marshyandi ,0,4.5,0,4,0,"rafting, river ",4,Lamjung,Off-Beat,"Oct–Nov, Mar–May",Half-day,
Khudi,2.5,0,1.5,3,1,"village, hills, hiking, trekking",4,Lamjung,Off-Beat,Oct-Mar,Half-day,
Bhulbhule,2.5,0,1.5,3,1,"village, hills, hiking, trekking",4,Lamjung,Off-Beat,Oct-Mar,Half-day,
Bahun Dada (Hill),2.5,0,1.5,3,1,"village, hills, hiking, trekking",4,Lamjung,Off-Beat,Oct-Mar,Half-day,
Dharme Beshi,2.5,0,1.5,3,1,"village, hills, hiking, trekking",4,Lamjung,Off-Beat,Oct-Mar,Half-day,
Jagat,3.5,1.5,1.5,4,2.5,"village, hills, hiking, trekking",4,Lamjung,Off-Beat,Oct-Mar,1 day,
Bhote Odar,2.5,0,1.5,3,1,"village, hills, hiking, trekking",4,Lamjung,Off-Beat,Oct-Mar,Half-day,
Dudhpokhari,2.5,0,1.5,3,1,"village, hills, hiking, trekking, hindu, pilgrimage, pond",4,Lamjung,Off-Beat,Oct-Mar,Half-day,
Annapurna Second,1,5,1.5,4.5,3,"mountain, climbing, trekking",4,Kaski,Off-Beat,"Sep-Nov, Mar-May",3-5 days,
Boudha Mountain,0,3.5,1,4,2,"mountain, climbing, trekking",4,Kaski,Off-Beat,"Sep-Nov,Mar-May",2-3 days,
Himalchuli Mountain,0,5,1,4.5,3.5,"mountain, climbing, trekking",4,Kaski,Off-Beat,"Sep-Nov,Mar-May",3-5 days,
Byas Gufa (Cave),3.5,0,0,3,4,"hindu, temple, cave, history",4,Lamjung,Off-Beat,Oct-Mar,1-2 hrs,
Bandipur,2,0,0,3.5,4,"village, hills, history",4,Tanahun,Popular,Oct-Mar,1 day,
Dhorfirdi,2.5,0,0,3,0,city,4,Tanahun,Off-Beat,Oct-Mar,Half-day,
Vimad,3,1,0,3.5,3,"city, history, scenery",4,Tanahun,Off-Beat,Oct-Mar,2-3 hrs,
Siddha Gufa,1.5,2,0,3.5,2,"cave, hills, hiking",4,Palpa,Off-Beat,Oct-Mar,1-2 hrs,
Rising Ranipokhari,2,0,0,2.5,1,"village, pond",4,Tanahun,Off-Beat,Oct-Mar,1 hr,
Chundi Ramgha,2,0,0,3.5,3,"village, history",4,Tanahun,Off-Beat,Oct-Mar,Half-day,
Chimkeshowari Lek,2,0,0,2.5,1,"village, hills",4,Tanahun,Off-Beat,Oct-Mar,1 hr,
Chhabdi Baraha,4,0,0,2,1,"hindu, temple",4,Tanahun,Popular,Oct-Mar,1 hr,
Sital Cave,0,2,0,3,0,cave,4,Palpa,Off-Beat,Oct-Mar,1-2 hrs,
Tanahusur Durbar,2.5,2,0,3.5,4,"palace, trekking",4,Tanahun,Off-Beat,Oct-Mar,Half-day,
Manungkot,1,0,0,3,3.5,"Hills, hiking, history",4,Tanahun,Off-Beat,Oct-Mar,Half-day,
Maulakalika Temple,4,0,0,2,3,"Hindu, temple, river",4,Parbat,Popular,Oct-Mar,Half-day,
Daaune Devi Temple,4,0,0,2,3,"Hindu, temple",4,Parbat,Popular,Oct-Mar,Half-day,
Devghat Dham,4,0,0,4,1.5,"hindu, temple, river, hills, forest",4,Tanahun,Popular,Oct-Mar,Half-day,
Cg Temple,1,0,0,5,0,"temple, art",4,Tanahun,Off-Beat,Oct-Mar,1-2 hrs,
Amaltari Homestay,4,2,1,4,0,"hiking, homestay, forest, scenery",4,Tanahun,Off-Beat,Oct-Mar,1 day,
Devchuli Hill,3.5,2,1,4,2.5,"hiking, scenery ",4,Nawalparasi,Off-Beat,Oct-Mar,Half-day,
Karkineta( the source of Adhikhola River),3.5,0,0,3.5,0,"village, hills",4,Parbat,Off-Beat,Oct-Mar,Half-day,
Bhalu Pahad,0,0,0,3,0,hill,4,Tanahun,Off-Beat,Oct-Mar,Half-day,
Chandikalika Temple,3.5,0,0,2,0,"hindu, temple",4,Parbat,Popular,Oct-Mar,Half-day,
Sirubari,3,0,0,4,0,"homestay, village, hills",4,Syangja,Off-Beat,Oct-Mar,1 day,
Sworek Hill,2,5,0,4,0,"paragliding, cave, hills",4,Syangja,Off-Beat,Oct-Mar,Half-day,
Chaaya Kshetra,3.5,0,0,3,3.5,"hindu, temple, cave",4,Parbat,Off-Beat,Oct-Mar,Half-day,
Garahun Kalika,3.5,0,0,4,3,"hindu, temple",4,Parbat,Popular,Oct-Mar,Half-day,
Alamdevi,4,0,0,3,2,"hindu, temple",4,Parbat,Popular,Oct-Mar,Half-day,
Mirmi Hydro dam,0,0,0,2,0,"dam, river",4,Parbat,Off-Beat,Oct-Mar,Half-day,
Mahabhir Waterfall Rappelling/ Canyoning,0,5,0,4,0,"waterfall, rappelling, canyoning, adventure",4,Parbat,Popular,Oct-Mar,Half-day,
"Bungee Jump, Sky Cycling And Adventure Swing in Parbat",0,5,0,4,0,"hills, bungee, cycling, adventure",4,Parbat,Popular,Oct-Mar,Half-day,
Painyukot Temple,4,0,0,3,3,"hindu, temple, history",4,Parbat,Popular,Oct-Mar,Half-day,
Kushma Modibeni Area,3,2,0,4,2,"hindu, temple, cave, hills, river, pilgrimage",4,Parbat,Off-Beat,Oct-Mar,1 day,
Sedibeni Shaligram Shila,4,2,0,4,3,"hindu, pilgrimage",4,Parbat,Off-Beat,Oct-Mar,Half-day,
Mahashila,3,0,0,3.5,0,"Hills, scenery, hindu ",4,Parbat,Off-Beat,Oct-Mar,Half-day,
Chisapani Kalika,4,2,0,4,3,"hindu, pilgrimage, hills",4,Parbat,Popular,Oct-Mar,Half-day,
Dahare Neelkanth Mountain,1.5,2,0,4,3.5,"hindu, pilgrimage, hiking, history, hills",4,Parbat,Off-Beat,Oct-Mar,Half-day,
Panchase Panchadham,3,0,3,3,3.5,"hindu, buddhist, pilgrimage",4,Parbat,Off-Beat,Oct-Mar,1 day,
"Bhamarkot, Maate, Jaljala, Hampal (Kalanzar) Mountains",0,2.5,1.5,5,0,"mountains, hills, trekking, hiking, village",4,Parbat,Off-Beat,Oct-Mar,1-2 days,
Kalika Bhagwati Temple,4,0,0,3,2,"hindu, temple",4,Parbat,Popular,Oct-Mar,Half-day,
Bhairavsthan Temple,4,0,0,3,2,"hindu, temple",4,Parbat,Popular,Oct-Mar,Half-day,
Jaimineshwor Shiva Temple,4,0,0,3,2,"hindu, temple",4,Parbat,Popular,Oct-Mar,Half-day,
Dhorpatan Taalbaraha Temple,4,0,0,3,2,"hindu, temple",4,"Dhorpatan, Baglung",Popular,Oct-Mar,Half-day,
Tripurshowr Mahadev Temple,4,0,0,3,2,"hindu, temple",4,Parbat,Popular,Oct-Mar,Half-day,
Thalthapi Mai Bhagwati Temple,4,0,0,3,2,"hindu, temple",4,Parbat,Popular,Oct-Mar,Half-day,
Devisthan Temple,4,0,0,3,2,"hindu, temple",4,Parbat,Popular,Oct-Mar,Half-day,
Shivalaya Temple,4,0,0,3,2,"hindu, temple",4,Parbat,Popular,Oct-Mar,Half-day,
Satyawati Temple,4,0,0,3,2,"hindu, temple",4,Parbat,Popular,Oct-Mar,Half-day,
Dhorpatan Area,0,4,5,2,0,"wildlife, tour, lakes, river",4,"Dhorpatan, Baglung",Off-Beat,Oct-Mar,1 day,
Ghumte ko Lek (Dhuri),0,0,0,5,0,hill,4,Parbat,Off-Beat,Oct-Mar,Half-day,
Gaja Ko Daha,0,0,0,3.5,0,lake,4,Parbat,Off-Beat,Oct-Mar,Half-day,
Bhakunde Daha,0,0,0,3.5,0,pond,4,Parbat,Off-Beat,Oct-Mar,Half-day,
Sanshar Kot,0,2,0,4,0,"hills, hiking, scenery",4,Parbat,Off-Beat,Oct-Mar,Half-day,
Kapilvastu,4,0,0,3,5,"pilgrimage, statues,cultural,historical",5,Kapilvastu,Popular,Oct-Apr,Half-day to 1 day,
Dhaulagiri mountain ,0,5,0,3,0,"mountain, trekking, hills,scenery",5,Myagdi,Off-Beat,"Mar–May, Sep–Nov",7-14 days,
Dhorpatan hunting reserve,0,4,5,2,0,"wildlife, tour, lakes, river",5,Baglung/Rukum,Off-Beat,"Mar–May, Sep–Nov",3-5 days,
Banke National Park,0,4,5,2,0,"wildlife, tour, lakes, river",5,Banke,Off-Beat,Oct-Apr,2-3 days,
Bardiya National Park,0,4,5,3,0,"wildlife, tour, lakes, river",5,Bardiya,Off-Beat,Oct–Apr,2–3 days,
Rani Mahal,4,0,0,3,5,"hill, historical",5,Palpa,Popular,All Year,Half-day to 1 day,
Pandaveshwor Temple,4,0,0,4,4,"picnic spot, sculptures, hindu, temple",5,Pyuthan,Off-Beat,All Year,Half-day to 1 day,
Swargadwari,4,0,0,4,5,"hill, Religious Shrine, hindu, temple",5,Pyuthan,Popular,"Mar–May, Sep–Nov",1-2 days,
Jitgadi Fort,3,0,0,3,5,"fort, historical",5,Butwal/Rupandehi,Off-Beat,All Year,Half-day to 1 day,
Bageshwori Temple,4,0,0,3,5,"hindu, temple, sculptures",5,Banke,Popular,All Year,Half-day to 1 day,
Bhairabsthan,3,0,0,2,4,"hindu, temple, sculptures",5,Palpa,Off-Beat,All Year,Half-day to 1 day,
Resunga,4,0,0,3,4,"hill, religious,temple",5,Gulmi,Off-Beat,"Mar–May, Sep–Nov",1 day,
Ridi,4,0,0,2,3,"religious, cultural",5,Gulmi,Off-Beat,All Year,Half-day to 1 day,
Ambikeshwori,3,0,0,2,3,"temple, hindu, religious",5,Dang,Popular,All Year,Half-day to 1 day,
Supa Deurali,2,0,0,2,3,"religious shrine, temple,hindu",5,Arghakhanchi,Off-Beat,All Year,Half-day to 1 day,
Bahrakune,1,4,0,3,3,"boat tour, lake, pond",5,Dang,Off-Beat,Oct-Apr,Half-day to 1 day,
Jagadishpur,2,0,0,4,0,"reservoir, lake, wetland",5,Kapilvastu,Off-Beat,Oct-Apr,Half-day to 1 day,
Rukumkot,3,2,0,4,3,"pond, lake, temple, hill, trekking",5,Rukum,Off-Beat,"Mar–May, Sep–Nov",1-2 days,
Jakhera tal,0,4,0,3,0,"lake,pond,boat tour,scenery",5,Dang,Off-Beat,Oct-Apr,Half-day to 1 day,
Satyawati lake,2,0,0,1,4,"lake,pond,historical",5,Gulmi,Off-Beat,Oct-Apr,1 day,
Bibang Daha,0,3,0,3,0,"hill, scenary, hiking",5,Rolpa,Off-Beat,"Mar–May, Sep–Nov",Half-day to 1 day,
Gajulkot,4,0,0,3,2,"hill,scenary,cultural",5,Rolpa,Off-Beat,All Year,Half-day to 1 day,
Jaljala,3,4,0,4,0,"trekking, lake, rhododendron",5,Rolpa,Off-Beat,"Apr-Jun, Sep-Nov",2-3 days,
"Lungko Dewali(Lung,pyuthan)",4,0,0,3,4,"cultural, historical",5,Pyuthan,Off-Beat,All Year,Half-day to 1 day,
Shree Rameshowr Mahadev Temple,3,0,0,3,2,"temple, hindu, religious",5,Gulmi,Off-Beat,All Year,Half-day to 1 day,
Marbhung,2,0,0,3,2,"hill, river, temple",5,Gulmi,Off-Beat,All Year,Half-day to 1 day,
Ismakot,2,0,0,3,3,"hill,temple,scenery",5,Gulmi,Off-Beat,All Year,Half-day to 1 day,
Purkot,3,0,0,3,3,"lake ,hills, wetland",5,Gulmi,Off-Beat,Oct-Apr,Half-day to 1 day,
Dhurkot,4,0,0,3,2,"hill,scenery,cultural",5,Gulmi,Off-Beat,All Year,Half-day to 1 day,
Aapchaur,2,0,0,4,0,"scenary, hill",5,Gulmi,Off-Beat,All Year,Half-day to 1 day,
Wami,3,0,0,3,2,"river,temple, scenary",5,Gulmi,Off-Beat,All Year,Half-day to 1 day,
Musikot,3,0,0,3,2,"scenary, hill, temple",5,Rukum,Off-Beat,All Year,Half-day to 1 day,
Bichitra Gufa ,2,4,0,3,4,"cave, tour, scenery",5,Gulmi,Off-Beat,Oct-Apr,Half-day to 1 day,
Durbar Devisthan,4,0,0,3,2,"hill,scenary,cultural",5,Gulmi,Off-Beat,All Year,Half-day to 1 day,
Purtighat,3,0,0,3,3,"river,temple, scenery,hill",5,Gulmi,Off-Beat,All Year,Half-day to 1 day,
Balkot,3,0,0,4,0,"hill,scenery,cultural",5,Gulmi,Off-Beat,All Year,Half-day to 1 day,
Arghakot,2,0,0,3,0,"scenary,hill",5,Arghakhanchi,Off-Beat,All Year,Half-day to 1 day,
Jabundada,4,3,0,3,3,"hill,scenery,cultural,trekking",5,Pyuthan,Off-Beat,"Mar–May, Sep–Nov",1-2 days,
Mathuradada,3,3,0,3,3,"hill,scenary,trekking",5,Pyuthan,Off-Beat,"Mar–May, Sep–Nov",1-2 days,
Maulipokhara,2,0,0,3,0,"scenery,hill",5,Gulmi,Off-Beat,All Year,Half-day to 1 day,
Argeli Palace,3,0,0,3,5,"scenery,hill,historical",5,Palpa,Off-Beat,All Year,Half-day to 1 day,
Mul Dhoka,2,0,0,3,5,"palace, historical, picnic spot",5,Palpa,Off-Beat,All Year,Half-day to 1 day,
Ramdi,4,0,0,3,2,"religious, scenery, cultural",5,Gulmi,Off-Beat,All Year,Half-day to 1 day,
Rishikesh Temple,3,0,0,4,5,"statue, religious, temple, hindu",5,Gulmi,Popular,All Year,Half-day to 1 day,
Mahamritunjaya Statue,3,0,0,3,4,"statue, religious, temple, hindu",5,Palpa,Off-Beat,All Year,Half-day to 1 day,
Vhairabsthan Temple,2,0,0,3,3,"temple,hindu, religious",5,Palpa,Off-Beat,All Year,Half-day to 1 day,
Rambha Devi,3,0,0,4,3,"scenery, temple, religious",5,Palpa,Off-Beat,All Year,Half-day to 1 day,
Tansen City,4,0,0,3,4,"cultural, historical,scenery",5,Palpa,Popular,All Year,1-2 days,
Shrinagar Hill,2,4,0,4,2,"hiking, hill, trekking,scenery",5,Palpa,Popular,Oct-Apr,Half-day to 1 day,
Sainamaina,2,0,0,3,0,"scenery, tour",5,Rupandehi,Off-Beat,All Year,Half-day to 1 day,
Hillpark,0,2,0,4,0,"hills, picnic spot, park",5,Rupandehi,Off-Beat,All Year,Half-day to 1 day,
Manimukunda Sen Uddhan (Fulbari),0,2,0,3,0,"park, garden, scenery",5,Rupandehi,Off-Beat,All Year,Half-day to 1 day,
Dandakhola ,0,0,0,3,0,"river,scenery",5,Dang,Off-Beat,All Year,Half-day to 1 day,
Narayansthan,3,0,0,3,3,"hill,scenery,river,temple",5,Gulmi,Off-Beat,All Year,Half-day to 1 day,
Durga Temple,3,0,0,3,3,"temple, hindu, religious",5,Pyuthan,Off-Beat,All Year,Half-day to 1 day,
Siddhartha Nagar,2,0,0,4,0,"park, scenery, tour",5,Rupandehi,Popular,All Year,Half-day to 1 day,
Tilaurakot Museum,3,0,0,3,3,"museum, sculpture",5,Kapilvastu,Off-Beat,All Year,Half-day to 1 day,
Gotihawa,4,0,0,3,4,"historical, cultural, religious",5,Kapilvastu,Off-Beat,All Year,Half-day to 1 day,
Nigrodharam,3,0,0,3,4,"sightseeing, scenery, historical",5,Kapilvastu,Off-Beat,All Year,Half-day to 1 day,
Araurakot,3,0,0,4,4,"historical, cultural, religious, temple",5,Kapilvastu,Off-Beat,All Year,Half-day to 1 day,
Kudan,3,0,0,4,5,"site, historical, temple, buddhist",5,Kapilvastu,Off-Beat,All Year,Half-day to 1 day,
Sawarikot,2,0,0,3,3,"scenery, river, hill",5,Pyuthan,Off-Beat,All Year,Half-day to 1 day,
"Bijauri, Chillikot",3,0,0,3,2,"temple, hindu, hill, river",5,Dang,Off-Beat,All Year,Half-day to 1 day,
Gorakshya Ratna Nath Temple,3,0,0,4,3,"hindu, temple, religious, sculpture",5,Dang,Off-Beat,All Year,Half-day to 1 day,
Charinge Daha- Ghorahi Dang,2,0,0,3,2,"lake,scenery,temple",5,Dang,Off-Beat,Oct-Apr,Half-day to 1 day,
Ganeshpur Park- Tulsipur Dang,3,0,0,4,2,"park, scenery, tour",5,Dang,Off-Beat,All Year,Half-day to 1 day,
Ambikeshwari temple ,4,0,0,4,3,"temple, religious, hindu, cultural",5,Dang,Popular,All Year,Half-day to 1 day,
Barhakune Daha (Baraha Chhetra),3,4,0,4,3,"pond,lake, temple, boat tour",5,Dang,Off-Beat,Oct-Apr,Half-day to 1 day,
Purandhara Waterfall,2,4,0,3,0,"waterfall, scenery",5,Dang,Off-Beat,Jul-Sep,Half-day to 1 day,
"Jakhera Lake(Lamahi,  Dang )",2,3,0,4,2,"lake, temple, scenery",5,Dang,Off-Beat,Oct-Apr,Half-day to 1 day,
Pandabeshwar Mahadev temple (Dharapani temple),3,0,0,3,2,"hindu, temple, scenary",5,Pyuthan,Off-Beat,All Year,Half-day to 1 day,
"Chisapani, Banke",2,2,0,3,2,"scenary, beauty, hiking",5,Banke,Off-Beat,All Year,Half-day to 1 day,
Siwalik Hills,0,4,0,3,0,"mountain, hills, trekking",5,Dang/Banke belt,Off-Beat,Oct-Apr,1-2 days,
Paklihawa,2,2,0,3,3,"scenery, tour, hiking",5,Rupandehi,Off-Beat,All Year,Half-day to 1 day,
Phoksundo lake,0,2.5,0,5,0,"lake, hiking, trekking, hills, mountains, scenery",6,Dolpa,Popular,May-Oct,"1 day (at lake), 3-4 days trek",
Shey Gompa,4,0,0,5,4,"monastery, buddhist, hills, mountains, hiking, trekking",6,Dolpa,Off-Beat,May-Oct,7-10 days,
Shey Phoksundo National Park,3,2,5,5,0,"national park, natural beauty, scenery, forest, wildlife, monastery",6,Dolpa,Popular,May-Oct,3-7 days,
Bon religion in dolpo ,5,0,0,4,4.5,"Bon religion, monastery, buddhist",6,Dolpa,Off-Beat,May-Oct,Half-day to 1 day,
Dho Tarap valley,5,0,0,4,4,"Bon religion, monastery, buddhist, history, village",6,Dolpa,Off-Beat,May–Oct,2-3 days trek,
 Ringmo,5,0,0,3,0,"Bon religion, monastery, buddhist, village",6,Dolpa,Off-Beat,May-Oct,Half-day,
Suligad waterfall,0,2,0,5,0,"waterfall, scenery, hiking",6,Dolpa,Off-Beat,May-Oct,Half-day,
Rara Lake,0,3.5,0,4,0,"lake, pond, camping, horseriding, boating",6,Mugu,Popular,"Apr–Jun, Sept–Nov","1 day (at lake), 3-4 days trek",
Rafting and Kayaking in Karnali ,0,4.5,0,2,0,"rafting,river,adventure",6,Mugu/Bardiya Stretch,Off-Beat,Oct-Apr,2-7 days,
 Rara National Park,0,3,4,4,0,"national park, wildlife, lake, pond",6,Mugu,Popular,"Apr–Jun, Sept–Nov",2-3 days,
"mugu (village, cycling, etc.)",3.5,4,2,4,3.5,"village, hills, mountains, mountain cycling, paragliding",6,Mugu,Off-Beat,"Apr–Jun, Sept–Nov",1-2 days,
Thakur Jiu temple   ,3.5,0,0,3,2,"hindu, temple",6,Mugu,Off-Beat,All Year,Half-day,
Chhapru Mahadev,3.5,0,0,3,2,"hindu, temple",6,Mugu,Off-Beat,All Year,Half-day,
Dofya Mahadev,3.5,0,0,3,2,"hindu, temple",6,Mugu,Off-Beat,All Year,Half-day,
Thakurnath Mahadev,3.5,0,0,3,2,"hindu, temple",6,Mugu,Off-Beat,All Year,Half-day,
Tihar Gumba,3.5,0,0,3,2,"buddhist, monastery, gumba",6,Mugu,Off-Beat,Oct-Apr,Half-day,
Nara La Pass,0,4,0,5,0,"mountains, hills, trekking",6,Humla,Off-Beat,May-Oct,1 day,
Chyakpalung,0,4,4,5,0,"hills, mountains, trekking , natural beauty",6,Humla,Off-Beat,May-Oct,1 day,
Tso Lamgyok,0,3.5,2,5,0,"hills, mountains, lake, trekking, natural beauty",6,Humla,Off-Beat,May-Oct,1 day,
Upper Humla Circuit Trek,4,4,3,4.5,3,"hills, mountains, trekking",6,Humla,Off-Beat,May-Oct,10-14 days trek,
Sinja Valley,3,0,0,4,3,"Village, trekking ",6,Jumla,Off-Beat,Oct-Apr,Half-day to 1 day,
Jumla Bazar,3,0,0,2,0,city,6,Jumla,Popular,All Year,Half-day,
"Tatopani, Jumla ",2,0,0,2,0,pond,6,Jumla,Off-Beat,All Year,1-2 hrs,
Kalikot ,3,4,3,4,2,"village, mountains, hills, rivers, rafting, swimming, fishing",6,Kalikot,Off-Beat,Oct-Apr,1 day,
Jajarkot,3,0,0,3,3,"village, hills, history",6,Jajarkot,Off-Beat,Oct-Apr,1 day,
Jajarkot durbar,0,0,0,3,5,"history, palace",6,Jajarkot,Off-Beat,Oct-Apr,Half-day,
Rukmini Lake,0,0,0,5,0,"lake, pond, natural beauty, forest",6,Jajarkot,Off-Beat,Oct-Apr,Half-day,
Deurali Cave,0,3.5,0,5,0,"hills, hiking, ponds, river, forest, cave , natural beauty",6,Jajarkot,Off-Beat,Oct-Apr,Half-day,
"Shibalaya , Rukum",4,0,0,3,3.5,"history, hindu, temple",6,Rukum,Off-Beat,All Year,Half-day,
Syarpu Lake,0,0,3.5,4,0,"lake, hills, natural beauty, wildlife",6,Salyan,Off-Beat,Oct-Apr,Half-day,
Guerilla Trek,4,3.5,2,4,4,"history, trekking, hills, culture",6,Salyan,Off-Beat,Oct-Apr,10-14 days trek,
Kapurkot,3,0,0,3,0,"village, hills, hiking",6,Salyan,Off-Beat,All Year,Half-day,
"Mulpani Botanical Garden, salyan",0,0,0,5,0,"garden, hills, scenery",6,Salyan,Off-Beat,Oct-Apr,Half-day,
Kumakh Hill,3.5,0,0,3.5,0,"hindu, pilgrimage, hill, scenery",6,Surkhet,Off-Beat,All Year,Half-day,
Kupinde Lake,2.5,0,0,4,0,"hindu, temple, lake, pond, hills, natural beauty",6,Surkhet,Popular,Oct-Apr,Half-day,
Deuti Bajai—the wish-granting goddess,4,0,0,2,2,"hindu, temple",6,Surkhet,Popular,All Year,Half-day,
Kakre Bihar—the “other Lumbini”,4,0,0,3,4,"hindu, temple, history, sculptures, forest",6,Surkhet,Popular,All Year,Half-day,
Bulbule,0,3,2,4,0,"park, garden, lake, boating",6,Surkhet,Popular,All Year,Half-day,
Viewpoint Gothikanda,0,0,0,4,0,"hill, forest",6,Surkhet,Off-Beat,All Year,1-2 hrs,
Baraha Lake and its mysterious Jalchara,0,0,4,4,0,"lake, wildlife, natural beauty",6,Surkhet,Off-Beat,Oct-Apr,Half-day,
"jauljibi,dharchula",3,2,1,3,3,"sightseeing, scenery, historical,rivers",7,Darchula,Off-Beat,"Apr–Jun, Sep–Nov",1 day,
kali river,3,4,1,2,2,"cultural,beauty",7,Darchula,Off-Beat,"Apr–Jun, Sep–Nov",Half-day,
om parbat,4,4,2,4,3,"trekking,holy beauty",7,Darchula,Off-Beat,"Apr–Jun, Sep–Nov",1 day,
Askot Sanctuary,0,0,4,3,1,"wildlife,tour",7,Darchula,Off-Beat,"Apr–Jun, Sep–Nov",Half-day to 1 day,
Narayan ashram,2,0,0,3,4,"history, natural beauty",7,Darchula,Off-Beat,Oct-Mar,Half-day,
"Ramkot Danda,bajhang",2,0,2,4,1,"hill, scenery",7,Bajhang,Off-Beat,Oct-Mar,Half-day,
Surmasarowar lake,5,0,1,3,3,"hindu, temple pilgrimage, scenery, mountains, lake",7,Bajhang,Popular,"Apr–Jun, Sep–Nov",Half-day to 1 day,
saipal base camp,3,3,1,3,0,"mountains, hills, trekking",7,Bajhang,Off-Beat,"Apr–Jun, Sep–Nov",7-10 days,
Budinanda region,4,0,0,4,2,"hindu, pilgrimage, trekking, lake",7,Bajhang,Off-Beat,Oct-Mar,1-2 days,
Badimalika temple,3,3,2,3,1,"hindu, temple",7,Bajhang,Popular,Oct-Mar,Half-day,
Saileshwori Temple,3,0,0,3,3,"hindu, temple",7,Bajhang,Popular,Oct-Mar,Half-day,
Ramaroshan,0,0,4,4,0,"wildlife, lake, scenery ",7,Bajhang,Off-Beat,Oct-Mar,1 day,
khaptad region,0,2,4,4,0,"lake, wildlife, natural beauty",7,Bajhang,Off-Beat,Oct-Mar,1-2 days,
Baidyanath temple,3,0,0,3,0,"hindu, temple",7,Bajhang,Popular,Oct-Mar,Half-day,
Api -Nampa Conservational area,0,3,4,4,0,"national park, wildlife",7,Darchula,Off-Beat,"Apr–Jun, Sep–Nov",1-2 days,
Api Base camp trek,2,3,3,4,0,"scenery, natural beauty, mountains, hills",7,Darchula,Off-Beat,"Apr–Jun,Sept–Nov",7-10 days,
Malikarjun temple,3,1,0,3,0,"hindu, temple",7,Darchula,Popular,Oct-Mar,Half-day,
Amargadhi Fort,0,0,0,3,4,history,7,Dadeldhura,Off-Beat,Oct-Mar,Half-day,
Ugratara Temple,4,2,0,3,0,"hindu, temple",7,Dadeldhura,Popular,Oct-Mar,Half-day,
Ajaymerukot Durbar,0,0,0,3,3,"palace, history",7,Dadeldhura,Off-Beat,Oct-Mar,Half-day,
Parshuram Dham,4,0,0,3,0,"hindu, temple",7,Dadeldhura,Popular,Oct-Mar,Half-day,
Tripura Sundari temple,3,0,0,3,1,"hindu, temple",7,Dadeldhura,Popular,Oct-Mar,Half-day,
Patal bhuvaneshwor temple(cave),3,3,0,4,0,"hindu, temple, cave",7,Dadeldhura,Popular,Oct-Mar,1-2 hrs,
Raula kedar,3.5,0,0,3,3,"hindu, religious shrine, temple",7,Dadeldhura,Popular,Oct-Mar,Half-day,
Ninglasaini Bhagwati,3,0,0,4,0,"hindu, temple",7,Dadeldhura,Popular,Oct-Mar,Half-day,
Panchadewal Hat,3,0,0,3,3,"history, temple",7,Dadeldhura,Popular,Oct-Mar,Half-day,
Shuklaphata National Park,0,0,5,4,0,"national park, wildlife, natural beauty",7,Kanchanpur,Popular,Oct-Apr,Half-day to 1 day,
Bedkot lake,0,0,1,4,0,lake,7,Kanchanpur,Off-Beat,Oct-Apr,Half-day,
Jhilmila lake,2,0,1,4,2,lake,7,Kanchanpur,Off-Beat,Oct-Apr,Half-day,
Chadani bridge,0,0,0,4,0,river,7,Kanchanpur,Off-Beat,Oct-Apr,1-2 hrs,
Ghoda Ghodi lake,0,0,3,4,0,"lake, wildlife, natural beauty",7,Kailali,Off-Beat,Oct-Apr,Half-day to 1 day,
Tikapur Park,0,0,0,3.5,3.5,"park, history, forest",7,Kailali,Popular,Oct-Apr,Half-day,
Godawari Ram Temple,4,0,0,4,0,"hindu, temple",7,Kailali,Popular,Oct-Apr,Half-day,
Karnali Bridge,0,0,0,4,0,"river, scenery ",7,Kailali-Bardiya Border,Popular,Oct-Apr,1-2 hrs,
Rapti River,1,2,4,3,0,"Canoeing, Birdwatching",3,Chitwan,Off-Beat,Oct–Apr,2-3 hrs,
Sauraha,2,1,5,3,0,"Elephant Bathing, Photography, Local Markets",3,Chitwan,Popular,Oct–Apr,2-4 hrs,
"Bishazari Tal (20,000 Lake)",0,1,4,4,0,"Birdwatching, Nature walk",3,Chitwan,Popular,Oct–Apr,2-3 hrs,
Narayani River Canoeing,0,4,3,3,0,"Canoeing, Photography",3,Chitwan,Off-Beat,Oct–Apr,45-60 mins,
Elephant Safari,0,2,5,2,0,"Jungle Safari, Wildlife spotting",3,Chitwan,Popular,Oct–Apr,1-1.5 hrs,
Jeep Safari,0,3,5,2,0,Off-road wildlife spotting,3,Chitwan,Popular,Oct–Apr,2-4 hrs,
Tharu Cultural Program,5,0,2,2,1,"Cultural dance, Local cuisine",3,Chitwan,Popular,All Year,1-2 hrs,
Elephant Breeding Center,0,1,5,2,0,"Elephant Observation, Photography",3,Chitwan,Popular,Oct–Apr,1-2 hrs,
Upardang Gadi Fort,2,2,1,2,5,"Hiking, Historical Exploration",3,Chitwan,Off-Beat,Oct–Apr,Half-day ,
Meghauli,1,1,4,3,0,"Bird Watching, Luxury Jungle Resorts",3,Chitwan,Off-Beat,Oct–Apr,Half-day ,
Crocodile Breeding Center,0,1,5,2,0,"Wildlife Observation, Photography",3,Chitwan,Off-Beat,Oct–Apr,1-2 hrs,
Jungle Lodge / Tree House Stay,1,2,4,2,0,Overnight stay in wooden jungle lodge,3,Chitwan,Off-Beat,Oct–Apr,1 night,
Jungle Walk,0,3,5,2,0,"Guided walk inside forest, wildlife spotting",3,Chitwan,Off-Beat,Oct–Apr,2-3 hrs,
Cycling Safari,0,4,4,2,0,Cycling through buffer zone and Tharu villages,3,Chitwan,Off-Beat,Oct–Apr,2-3 hrs,
Kalinchowk,5,4,1,4,2,"Cable car ride, Kalinchowk Bhagwati Temple, snowfall (in winter), short hikes",3,Dolakha,Popular,Dec–Feb (for snow) / Sept–Nov,2–3 days,
Markhu & Kulekhani Lake,1,2,2,5,0,"Boating, lakeside homestays, short hikes, cycling",3,Markhu ,Off-beat,All year (avoid monsoon),1-2 days,
Kakani Strawberry Village,1,2,2,5,0,"Himalayan views, strawberry farms, cycling, short treks",3,Nuwakot ,Popular,Feb–Apr,1 day,
Makwanpur ,2,2,2,3,3,"Panoramic Himalayan views, sunrise/sunset, short hikes, botanical gardens",3,Daman,Off-beat,Sept–Nov & Feb–Apr,1–2 days,
Kavre ,3,2,2,3,2,"Organic farms, monastery visits, village walks, hiking",3,Balthali Village,Off-beat,All year,2 days,
Sailung Hills,1,4,2,5,0,"Sunrise hikes, Sherpa/Tamang villages, photography, 360° panoramic view of 100+ peaks",3,Dolakha ,Off-beat,Sept–Nov & Mar–May,2–3 days,
Sarangkot,2,4,1,5,0,"Sunrise View, Paragliding",4,Pokhara,Popular,October-April,3 hrs,
Devi's Fall,0,2,1,5,0,"Sightseeing, Photography",4,Pokhara,Popular,June-September,1 hr,
Kahun Danda,1,3,2,4,0,"Hiking, Sunrise View",4,Pokhara,Off-Beat,October-April,3 hrs,
Pumdikot Shiva Statue,5,0,1,4,1,"Sightseeing, Photography",4,Pokhara,Off-Beat,All Year,1 hr,
Barahi Temple,5,0,1,4,3,"Temple visit, Photography",4,Pokhara,Popular,All Year,1 hr,
Gupteswar Gupha,2,2,1,4,2,"Cave exploration, Photography",4,Pokhara,Popular,All Year,1 hr,
Dhampus,1,4,2,5,0,"Hiking, Village walk, Photography",4,Pokhara,Off-Beat,October-April,4 hrs,
Pema Ts'al Sakya Monastic Institute,5,0,1,3,2,"Monastery visit, Meditation, Photography",4,Pokhara,Off-Beat,All Year,2 hrs,
Jangchub Choeling Tibetan Monastery,5,0,1,3,2,"Monastery visit, Meditation",4,Pokhara,Off-Beat,All Year,2 hrs,
Tashi Palkhel Tibetan Settlement,5,1,1,3,2,"Cultural visit, Local food, Photography",4,Pokhara,Off-Beat,All Year,2 hrs,
Poon Hill,1,5,2,5,0,"Sunrise trek, Scenic view, Photography",4,Pokhara,Popular,October-April,4 hrs,
Ghandruk,4,4,2,5,1,"Village walk, Cultural exploration",4,Pokhara,Popular,"Oct–Nov, Mar–May",4 hrs,
Australian Camp,1,4,2,5,0,"Sunrise trek, Photography",4,Pokhara,Off-Beat,"Oct–Nov, Mar–May",4 hrs,
Khare,1,5,2,4,0,"Trekking, Scenic views",4,Pokhara,Off-Beat,"Oct–Nov, Mar–May",5 hrs,
Tadapani,1,5,2,4,0,"Trekking, Mountain views, Birdwatching",4,Pokhara,Off-Beat,"Oct–Nov, Mar–May",5 hrs,
Sari Lake,0,3,2,5,0,"Nature walk, Photography",4,Pokhara,Off-Beat,"Oct–Nov, Mar–May",3 hrs,
Lumle Village,2,2,1,4,1,"Village visit, Cultural experience",4,Pokhara,Off-Beat,"Oct–Nov, Mar–May",3 hrs,
Australian Base Camp Trek,1,5,2,4,0,"Multi-day trekking, Sunrise view",4,Pokhara,Off-Beat,"Oct–Nov, Mar–May",6 days,
Kori Trek,1,5,2,4,0,"Trekking, Scenic views",4,Pokhara,Off-Beat,"Oct–Nov, Mar–May",3 days,
ABC Trek,1,5,2,5,0,"Multi-day trekking, Annapurna Base Camp",4,Pokhara,Popular,"Oct–Nov, Mar–May",10 days,
Paragliding Sites (Pokhara Valley),0,5,1,5,0,"Paragliding, Tandem Flights",4,Pokhara,Popular,"Oct–Nov, Mar–May",2-3 hrs,
Zipline (Kusma / Pokhara),0,5,1,4,0,Zipline Adventure,4,Pokhara,Popular,"Oct–Nov, Mar–May",2 hrs,
Canyoning in Kusma,0,5,1,4,0,"Adventure, Waterfalls",4,Pokhara,Off-Beat,"Oct–Nov, Mar–May",4 hrs,
Mountain Biking Trails,0,5,1,4,0,"Cycling, Exploration",4,Pokhara,Off-Beat,"Oct–Nov, Mar–May",3-5 hrs,
"Cave Exploration (Mahendra Cave, Bat Cave)",1,4,1,4,1,"Cave Visit, Photography",4,Pokhara,Popular,All Year,1-2 hrs,
Hot Springs (Tatopani),0,3,1,4,0,"Relaxation, Natural Hot Springs",4,Pokhara,Off-Beat,"Oct–Nov, Mar–May",2-3 hrs,
Bungee Jumping,0,5,1,3,0,"Bungee Jump, Photography, Adventure",4,Pokhara,Off-Beat,"Oct–Nov, Mar–May",2-3 hrs,
Ghalegaun (Homestay Village),4,3,2,5,1,"Gurung culture, Annapurna views, local food, Remote Gurung village, community homestays",4,Lamjung,Off-Beat,Sept–Apr,2–3 days,
Tea Gardens & Kanyam,2,2,2,5,0,"Tea garden walks, sunrise from Shree Antu, cultural homestays, local tea tasting",1,IIlam,Off-Beat,Oct–Dec & Mar–May,2–3 days,
Maya Devi Sacred Garden Complex,5,0,1,3,5,"Pilgrimage, Meditation, Photography",5,Lumbini,Popular,Oct–Apr,1-2 hrs,
Monastic Zone,5,0,1,3,4,"Sightseeing, Meditation, Architecture Tour",5,Lumbini,Popular,Oct–Apr,Half-day,
World Peace Pagoda & Crane Sanctuary,5,1,3,4,3,"Photography, Nature Walk",5,Lumbini,Popular,Oct–Apr,1-2 hrs,
Lumbini Museum & Cultural Center,5,0,1,3,5,"Historical exploration, Learning",5,Lumbini,Popular,Oct–Apr,1-2 hrs,
Tilaurakot (Ancient Shakya Capital),5,0,1,3,5,"History, Heritage Walk",5,Lumbini,Off-Beat,Oct–Apr,Half-day,
Kudan (Nyigrodharama Monastery Ruins),5,0,1,2,5,"Heritage Walk, Photography",5,Lumbini,Off-Beat,Oct–Apr,1-2 hrs,
"Gotihawa, Niglihawa & Sagarhawa",5,0,1,2,5,"Archaeology, Pilgrimage",5,Lumbini,Off-Beat,Oct–Apr,Half-day,
Village Homestays,4,2,2,4,1,"Cultural experience, Local cuisine, Photography",5,Lumbini,Off-Beat,All Year,1 night,
Cycling Tours,1,4,2,4,0,"Adventure, Sightseeing, Nature",5,Lumbini,Off-Beat,Oct–Apr,2-3 hrs,
Meditation & Yoga Retreats,5,1,1,3,1,"Spiritual practice, Mindfulness",5,Lumbini,Off-Beat,All Year,Half-day to Full-day,
Bajura (Badimalika Temple),5,3,2,4,4,"Trekking to hilltop shrine, meadows, camping, remote pilgrimage site",7,Bajura,Off-Beat,Aug (festival) & Sept–Oct,5–7 days,
Bhedetar & Namje Village,3,3,2,4,1,"Hilltop views, homestay in Namje (UN-recognized eco-village), local cuisine",1,Dhankuta,Off-Beat,Sept–Nov & Mar–May,1–2 days,
Basantapur,3,3,2,4,2,"Sunrise/sunset viewpoint, rhododendron forest walks, explore small town culture, camping, tea garden visit",1,Tehrathum,Off-Beat,Sept–Nov & Mar–May,1–2 days,
Hile Bazaar,2,2,2,3,1,"Explore traditional bazaar, taste Newari & Rai food, visit local homestays, see bamboo/wooden craft works, stroll around hillside tea shops",1,Dhankuta,Off-Beat,All year,1 day,
Baraha Kshetra,5,2,1,3,5,"Attend Makar Sankranti fair, boat ride at Koshi confluence, fishing, enjoy religious folk music, riverside picnic",1,Sunsari,Off-Beat,Oct–Apr,1 day,
Dharan,3,2,2,4,2,"Visit Dantakali & Budhasubba Temples, swim at Sardu Khola streams, enjoy local fairs, food hunting (sekuwa, momo), shopping in Bhatbhateni Chowk, experience local Kirati festivals",1,Sunsari,Popular,All year,1–2 days,
Sabha Pokhari,1,4,2,4,0,"Camping by the lake, join local Kirati rituals during Janai Purnima, photography of alpine lake, short treks around forests, fishing (seasonal)",1,Sankhuwasabha,Off-Beat,Sept–Nov,3–4 days,
Kanchenjunga,1,5,3,5,0,"Multi-day trekking to base camp, yak herding experience with locals, snow peak photography, alpine flower watching, cultural exchange in Limbu & Rai villages",1,Taplejung,Popular,Apr–Jun & Sept–Nov,14–18 days,
Sankhuwasabha,3,4,2,4,2,"Watch Khukuri (Gurkha knife) making, homestay with Kirati families, experience cultural dances, buy traditional crafts, taste local millet beer & food",1,Chainpur,Off-Beat,All year,1–2 days,
Mai Pokhari,2,3,3,5,0,"Boating on the lake, forest walks around Ramsar site, birdwatching, mushroom & wildflower spotting, eco-lodge stay",1,Illam,Off-Beat,Oct–Apr,1–2 days,
Sukepokhari,1,3,2,4,0,"High-altitude pond, peaceful camping, nature photography",1,Tehrathum,Off-Beat,Oct–Dec & Mar–May,1–2 days,
Majhuwa (Udayapur Hills),2,3,2,4,1,"Easy hikes, local homestay, farming experience, birdwatching",1,Udayapur,Off-Beat,Sept–Apr,1–2 days,
Hasina Simana,2,3,2,4,1,"Panoramic views of tea gardens, light trekking, sunrise/sunset",1,Illam,Off-Beat,Sept–Nov,1 day,
Solu Danda,2,4,2,5,1,"Lesser-known hilltop, tea garden walks, sunrise photography, meditation retreats",1,Illam,Off-Beat,Oct–Dec & Mar–May,1–2 days,
Arun Valley,1,5,3,5,0,"Trek between Everest & Makalu regions, birdwatching, Sherpa/Rai culture",1,Sankhuwasabha,Off-Beat,Apr–Jun & Sept–Nov,5–7 days,
Kakre Bihar,5,1,1,3,5,"Explore ancient Buddhist temple ruins, photography, cultural walks",6,Surkhet,Off-Beat,Oct–Mar,2–3 hrs,
Chhayanath Rara Area,3,4,3,5,2,"Spiritual site visits, local cultural experience",6,Mugu,Off-Beat,March–June,2–4 hrs,
Khaptad National Park,2,4,5,5,1,"Visit Khaptad Baba Ashram (spiritual site), Explore meadows & rhododendron forests, Birdwatching (200+ species), Trekking across rolling hills & grasslands, Medicinal herb exploration",6,Kalikot,Off-Beat,"March–June, Sept–Nov",5–6 hrs,
Swamikartik Khapar Danda,3,4,3,5,2,"Trekking through untouched landscapes, Visit Swamikartik temple (pilgrimage site), Cultural exposure to remote Bajura communities, Alpine meadow camping",7,Bajura,Off-Beat,September–November,1–2 days,
Api-Nampa Conservation Area,2,5,5,5,1,"Trekking to Api base camp, River valley exploration, Wildlife spotting (red panda, musk deer),Homestays with ethnic Byasi/Shauka communities, Exploring Yari valley & Lipulekh pass area (ancient trade route)",7,Darchula,Off-Beat,"April–June, September–October",7–10 days,
Gadhi Mai Temple Forest Area,5,2,3,4,4,"Nature walks, birdwatching, cultural immersion without festival rush",2,Bara,Off-Beat,Nov–Feb,2 hrs,
Chure Hills,1,4,2,4,1,"Hiking in Chure range, caves, forest camping, birdwatching",2,Mahottari,Off-Beat,Sept – Apr,5–7 hrs,
Khaiharwa Pokhari,1,3,3,4,1,"Boating in natural pond, fishing, bird photography, village walk",2,Rautahat,Off-Beat,Nov – Feb,2–3 hrs,
Chaudhary Hills,1,3,2,4,1,"Trekking, camping, forest hiking, local Magar culture",2,Siraha,Off-Beat,Sept – Apr,6–8 hrs,
Namaste Waterfall,1,4,2,5,0,"Short hike, photography, picnic, nature walk",1,Dhankuta,Popular,Sept – Dec,2–3 hrs,
Simsuwa Waterfall,1,4,2,5,0,"Trekking stop, meditation, village exploration",1,Taplejung,Off-Beat,Sept – Nov,2 hrs,
Jaleshwor Mini Waterfall,1,4,2,5,0,"Local exploration, photography",2,Mahottari,Off-Beat,July–Sept,1 hr,
Sundarijal Waterfall,1,4,2,5,0,"Hiking, swimming, gateway to Shivapuri NP",3,Kathmandu,Popular,Aug – Dec,2–3 hrs,
Chhahare Jharna,1,4,2,5,0,"Canyoning, hiking, photography",3,Nuwakot ,Off-Beat,Sept – Dec,2–3 hrs,
Rupse Waterfall,1,4,2,5,0,"Roadside stop, photography, tea breaks",4,Myagdi,Popular,Sept – Dec,30–60 min,
Sikles Waterfall,1,4,2,5,0,"Short hike, Gurung village exploration",4,Kaski,Off-Beat,Sept – Nov,2 hrs,
Chahara Waterfall,1,4,2,5,0,"Short hike, picnic, relaxation",5,Palpa,Popular,Sept – Dec,2 hrs,
Siddhababa Waterfall,1,4,2,5,0,"Photography, meditation",5,Palpa-Rupandehi border,Popular,Monsoon – Winter,1–2 hrs,
Jungad Jharna,1,4,2,5,0,"Hiking, peaceful nature stay",6,Dailekh,Off-Beat,Sept – Nov,2–3 hrs,
Pachal waterfall,1,4,2,5,0,"Trekking, local culture exploration",6,Kalikot,Off-Beat,Sept – Nov,2–3 hrs,
Bhadigad Waterfall,1,4,2,5,0,"Swimming, local hike",7,Doti,Off-Beat,Sept – Dec,2 hrs,
Lattinath Waterfall,1,4,2,5,0,"Meditation, natural photography",7,Baitadi,Off-Beat,Sept – Dec,2 hrs,
Lipulekh Pass & Yari Valley,2,5,3,5,2,"Ancient trade route exploration, culture of Shauka people, high-altitude trekking",7,Darchula,Off-Beat,Apr–Jun & Sept–Oct,5-7 days,
Khaptad National Park (West Entry),2,4,5,5,1,"Spiritual sites (Khaptad Baba Ashram), trekking in meadows, birdwatching",7,Bajhang,Off-Beat,Mar–Jun & Sept–Nov,2-3 days,
Surma Sarovar Lake,2,4,3,5,1,"Alpine lake trekking, spiritual significance, camping",7,Bajhang,Off-Beat,Sept-Nov,3-4 days,
Tikapur Park & Karnali Riverside,2,3,4,4,1,"Riverside boating, birdwatching, relaxing garden walks",7,Kailali,Popular,Oct-Apr,2-3 hrs,
Shuklaphanta National Park,1,3,5,4,1,"Jeep Safari, swamp deer spotting, birdwatching",7,Kanchanpur,Popular,Oct-Apr,Half-day to Full-day,
Dodhara Chadani Suspension Bridge,1,4,2,5,1,"Long suspension bridge walk, sunset photography, local food tasting",7,Kanchanpur,Off-Beat,Oct-Apr,1-2 hrs,
Godavari Botanical Garden,2,2,3,5,1,"Nature Walk, picnic, birdwatching",7,Kailali,Off-Beat,All year,1-2 hrs,
Ramaroshan Area (Hundred Lakes),2,4,4,5,1,"Trekking, camping, photography, boating in small lakes",7,Achham,Off-Beat,Sept-Nov & Mar-May,3-5 days,
Khaptad Trek (via Doti Entry),2,5,4,5,1,"Meadows, rolling hills, cultural immersion",7,Doti,Off-Beat,Mar-Jun & Sept-Nov,2-3 days,